+------+-----------+----------------+
| size | field     | field name     |
+------+-----------+----------------+
| 3    | [2:0]     | opcode         |
| 1    | [3]       | pop_prev_dep   |
| 1    | [4]       | pop_next_dep   |
| 1    | [5]       | push_prev_dep  |
| 1    | [6]       | push_next_dep  |
| 1    | [7]       | reset_reg      |
| 13   | [20:8]    | uop_bgn        |
| 14   | [34:21]   | uop_end        |
| 14   | [48:35]   | iter_out       |
| 14   | [62:49]   | iter_in        |
| 11   | [73:63]   | dst_factor_out |
| 11   | [84:74]   | dst_factor_in  |
| 11   | [95:85]   | src_factor_out |
| 11   | [106:96]  | src_factor_in  |
| 10   | [116:107] | wgt_factor_out |
| 10   | [126:117] | wgt_factor_in  |
| 1    | [127]     | *unused        |
+------+-----------+----------------+

There are 1 uops
[0000]   acc=0, inp=0, wgt=0

There are 1 uops
[0000]   acc=0, inp=0, wgt=0


reset register_file
2, 0, 0, 1, 0, 1, 0, 1, 16, 1, 0, 0, 1, 0, 0, 0

gemm operation
2, 0, 0, 1, 0, 0, 1, 2, 16, 1, 1, 0, 1, 0, 0, 0
2, 1, 0, 1, 0, 0, 1, 2, 16, 1, 1, 0, 1, 0, 0, 0
2, 1, 0, 1, 0, 0, 1, 2, 16, 1, 1, 0, 1, 0, 0, 0
2, 1, 0, 1, 0, 0, 1, 2, 16, 1, 1, 0, 1, 0, 0, 0
2, 1, 0, 1, 0, 0, 1, 2, 16, 1, 1, 0, 1, 0, 0, 0
2, 1, 0, 1, 0, 0, 1, 2, 16, 1, 1, 0, 1, 0, 0, 0
2, 1, 0, 1, 0, 0, 1, 2, 16, 1, 1, 0, 1, 0, 0, 0
2, 1, 0, 1, 0, 0, 1, 2, 16, 1, 1, 0, 1, 0, 0, 0
2, 1, 0, 1, 0, 0, 1, 2, 16, 1, 1, 0, 1, 0, 0, 0
2, 1, 0, 1, 0, 0, 1, 2, 16, 1, 1, 0, 1, 0, 0, 0
2, 1, 0, 1, 0, 0, 1, 2, 16, 1, 1, 0, 1, 0, 0, 0
2, 1, 0, 1, 0, 0, 1, 2, 16, 1, 1, 0, 1, 0, 0, 0
2, 1, 0, 1, 0, 0, 1, 2, 16, 1, 1, 0, 1, 0, 0, 0
2, 1, 0, 1, 0, 0, 1, 2, 16, 1, 1, 0, 1, 0, 0, 0
2, 1, 0, 1, 0, 0, 1, 2, 16, 1, 1, 0, 1, 0, 0, 0
2, 1, 0, 1, 1, 0, 1, 2, 16, 1, 1, 0, 1, 0, 0, 0